	  455
0181	 2292
602-	 1126
603-	 1385
608-	  956
0742	 1173
0752	 2740
0781	  446
0782	  890
0783	 1097
0919	 1457
1381	  613
1382	 1792
1521	 2705
1522	  796
1531	 2631
1541	 2612
1542	  696
1611	  625
1622	  694
1623	  980
1629	 1883
1711	 1615
1721	 2084
1731	  469
1741	 1162
1742	 1613
1743	 2760
1751	 1581
1752	 2085
1761	 1583
1771	  790
1781	 2711
1793	 2697
1794	  864
1796	 2019
1799	 1920
2011	 1271
2013	 1591
2022	 1338
2033	 1801
2034	 2188
2035	 1604
2038	 2104
2048	 1434
2051	 2149
2052	  715
2064	 1104
2066	 2501
2068	  642
2086	 1239
2087	 1332
2096	 1355
2098	 2104
2099	 2196
2211	  701
2221	 2028
2261	  647
2273	 2643
2298	 1728
2299	 2076
2323	 1188
2369	 1066
2371	 1071
2387	 2376
2391	 2726
2392	 2559
2394	  700
2396	 1444
2399	 1728
2421	 2725
2431	 1079
2434	  972
2448	 2486
2491	 1975
2499	 2422
2511	  919
2514	 2214
2519	  679
2521	 1811
2531	  805
2541	 2275
2542	 2179
2591	 1656
2611	  375
2652	  821
2653	 2476
2656	 2113
2657	  821
2671	  562
2672	  802
2673	 1149
2674	  652
2677	 2720
2679	 2583
2711	  460
2721	 1599
2731	 1970
2732	  691
2741	 1444
2752	 2654
2759	 1381
2761	 1909
2782	 1228
2789	  538
2791	  500
2796	  649
2819	 2131
2833	 1020
2834	  395
2841	  574
2842	 1020
2843	 2078
2844	  793
2851	 2689
2869	 1237
2873	  804
2874	  678
2891	 1270
2893	  605
2899	  936
2951	  535
3011	  563
3052	 1545
3053	  459
3069	 2095
3081	 1085
3083	 1313
3084	 2152
3085	  549
3086	 2081
3087	 1786
3089	 1538
3161	 2139
3199	  993
3211	 2488
3221	  442
3229	 1413
3231	 1917
3259	  942
3262	  548
3269	 1988
3271	 1796
3272	 1216
3273	 2538
3275	 1246
3281	 2538
3291	 1349
3297	  310
3299	 1347
3312	 1642
3315	 1765
3321	 2743
3325	 1110
3339	 1073
3341	  984
3353	 1972
3356	 1103
3357	 1397
3363	 1021
3365	 1090
3366	 1375
3369	 1557
3398	 1557
3399	 1643
3411	  699
3423	 1705
3425	 2637
3429	 2499
3433	  511
3441	 1994
3442	 1516
3443	 2554
3444	  462
3446	 2373
3448	 2375
3449	 2737
3451	 1504
3452	 1896
3462	 2685
3469	 1742
3471	 1491
3479	 1878
3492	 2169
3493	  940
3494	 1560
3496	 1004
3498	 2723
3499	 1981
3519	 2072
3523	 2415
3524	 2162
3531	 1598
3535	 2585
3537	 1894
3541	 1431
3542	 1551
3543	 1848
3544	 1758
3545	 2667
3546	 1046
3548	 1979
3549	  911
3553	  350
3554	 2512
3555	  564
3556	 2116
3559	 2341
3561	  551
3563	  503
3564	  403
3565	 2201
3566	 1224
3567	 1284
3569	  441
3577	 2761
3579	 1031
3585	  313
3589	  718
3592	 1341
3599	 1232
3612	 1117
3613	 2398
3621	 1552
3625	  865
3629	 2649
3631	  773
3643	 2730
3644	 1776
3645	  368
3646	 1562
3648	 1307
3651	 2519
3661	 2530
3663	 2223
3672	 1235
3674	  496
3675	 1800
3677	 2026
3678	  982
3679	 2132
3694	 1517
3695	 2016
3699	 2515
3711	  405
3713	 1707
3714	 1074
3732	 2547
3743	 2715
3792	 1439
3821	  661
3822	 2536
3823	 1027
3824	 1734
3825	  499
3826	 1213
3829	  338
3841	 2038
3842	 2496
3843	 1358
3844	  607
3845	  492
3861	 2134
3911	 2607
3914	  781
3915	 1497
3931	 2337
3944	  408
3949	 2088
3952	 1741
3953	 1531
3993	 1372
3999	  379
4011	 1065
4119	 2506
4121	  765
4151	 2051
4212	 1374
4213	 1740
4214	 1597
4215	  968
4221	  312
4222	 1022
4225	 1680
4493	 1602
4499	 1409
4500	  382
4581	  709
4724	 2011
4725	 1099
4731	 2573
4813	 1429
4832	 2663
4841	 1520
4911	  840
4922	 2003
4941	 2563
4953	 1761
5013	 1906
5014	 2695
5015	 2629
5021	 1038
5023	  644
5031	 2311
5032	 1623
5039	 2334
5043	 1264
5044	 2007
5045	  577
5046	 1113
5047	 1852
5049	  560
5051	  733
5063	 2665
5064	  615
5065	 2417
5072	 1984
5074	 1954
5075	 1876
5078	 2579
5082	  668
5083	 2261
5084	 1273
5085	 2219
5087	 1259
5088	 2570
5091	  467
5092	 1575
5093	  815
5094	 2253
5099	  857
5111	 1263
5112	 2117
5113	 2082
5122	  851
5131	  922
5137	 1783
5139	 1165
5141	  316
5142	 1939
5145	  632
5147	  630
5148	  875
5149	  861
5162	  916
5169	  407
5172	 1266
5181	 1002
5182	  566
5191	 1268
5192	 2391
5193	 1477
5198	 2312
5199	  404
5211	 1995
5231	 1677
5251	 1937
5261	 1260
5271	 1700
5311	 1243
5399	 2358
5411	  734
5511	  786
5521	 2231
5531	  328
5551	 1678
5621	 2644
5641	 2544
5651	 1674
5661	 2406
5699	 2724
5712	 1463
5713	 1536
5714	  690
5719	 1688
5722	 2317
5731	 2660
5734	  910
5736	 2302
5812	 1568
5912	 1163
5932	 2255
5941	 1351
5943	 1682
5944	 2283
5945	 2293
5946	 2167
5947	 2566
5949	 1318
5961	 2604
5962	 1482
5963	 1654
5983	 2054
5992	 2192
5995	 2063
5999	  856
6111	 1433
6141	  975
6153	 1712
6159	  515
6162	  618
6163	 1400
6211	 1974
6282	  826
6311	  335
6331	 2452
6361	 2681
6411	 1716
6531	  400
6552	  660
6719	  397
6722	 2023
6798	 2307
6799	  682
7011	  596
7211	 2401
7217	  491
7219	  480
7221	  807
7291	 1306
7299	 1921
7311	 1514
7319	 2210
7322	 1663
7331	 2050
7335	 1333
7336	 1392
7338	  925
7342	 2068
7349	 2580
7352	 1148
7353	  424
7359	  837
7361	 1831
7363	  841
7371	 1458
7372	 1421
7373	 2402
7374	 2218
7376	 2282
7377	 1212
7379	 1752
7381	 1417
7382	 2437
7384	 1166
7389	  399
7513	 1644
7515	 1003
7519	 2362
7532	  604
7537	 1927
7538	 1671
7539	 1666
7549	  899
7622	 1441
7629	  640
7641	  386
7699	 2285
7812	 2640
7911	 1300
7922	 2346
7941	  778
7996	 2396
7997	  825
7999	 1956
8011	 1086
8021	 1715
8041	  789
8042	  953
8051	 2291
8059	  895
8062	 2428
8071	  859
8072	 1985
8082	 1572
8093	 1634
8099	 1474
8111	 2409
8211	 2425
8221	 2384
8222	  824
8231	 1661
8249	 2484
8299	 2056
8322	  369
8331	 2568
8351	  601
8611	 1174
8621	 1962
8711	 1277
8712	  544
8713	  445
8721	  657
8731	  862
8732	 2521
8733	  623
8734	 1871
8741	  954
8742	 1808
8743	 1815
8748	  852
8999	 2569
9111	  764
9199	 2303
9511	 2430
9512	 1647
9611	 1881
9641	  915
